P = [0.5 0.5 0 0 0; 0 0.5 0.5 0 0; 0 0 0.5 0.5 0; 0 0 0 0.5 0.5; 0.9 0 0 0 0.1]
P^3;
c = P^3
b = P^30