RGBs = [4/9  3/9 2/9; 20/85 40/85 25/85; 18/42 4/42 20/42];
RGBs^4
%RGBs^(10^9)

