%           H           W
%      0  1  2  3  0  1  2  3
%  0   0  0  0  0  0  0  0  1
%  1   0  0  0  0  0  0 .8 .2
%H 2   0  0  0  0  0 .8 .2  0
%  3   0  0  0  0 .8 .2  0  0
%  0   0  0  0  1  0  0  0  0
%  1   0  0 .5 .5  0  0  0  0
%W 2   0 .5 .5  0  0  0  0  0
%  3  .5 .5  0  0  0  0  0  0

M = zeros(8,8)
M(1,8) = 1;
M(2,8) = .2;
M(3,7) = .2;
M(4,6) = .2;
M(2,7) = .8;
M(3,6) = .8;
M(4,5) = .8;

M(5,4) = 1;
M(6,4) = .5;
M(7,3) = .5;
M(8,2) = .5;
M(6,3) = .5;
M(7,2) = .5;
M(8,1) = .5;

%H->W
%    0  1  2  3
% 0  0  0  0  1
% 1  0  0 .8 .2 
% 2  0 .8 .2  0
% 3 .8 .2  0  0
%W->H
%    0  1  2  3
% 0  0  0  0  1
% 1  0  0 .5 .5
% 2  0 .5 .5  0
% 3 .5 .5  0  0